procs -----------memory---------- ---swap-- -----io---- -system-- ------cpu----- -----timestamp-----
 r  b   swpd   free   buff  cache   si   so    bi    bo   in   cs us sy id wa st                 JST
 0  0      0  91332  77516 675264    0    0   253     5   15    6  0  1 99  0  0 2025-04-28 18:35:53
 0  0      0  90936  77516 675324    0    0     0    16  824 1229  2  1 97  0  0 2025-04-28 18:35:58
 0  0      0 833548  79852 694532    0    0 16919  1116 4386 7117 13  8 76  3  0 2025-04-28 18:36:03
 3  1      0 151060  84708 807356    0    0 19408  4936 6152 9611 28 18 51  2  0 2025-04-28 18:36:08
 0  0      0 116456  76628 749608    0    0   313   578 2706 3974 17  6 77  0  0 2025-04-28 18:36:13
 0  0      0 117872  76676 750364    0    0   160    21  827 1340  1  1 97  0  0 2025-04-28 18:36:18
 0  0      0 113088  76680 750364    0    0     0     7  666 1009  1  1 98  0  0 2025-04-28 18:36:23
 0  0      0 127468  76680 750372    0    0     0    12  813 1272  1  1 97  0  0 2025-04-28 18:36:28
 0  0      0 136228  76680 750372    0    0     0     7  589  831  1  1 98  0  0 2025-04-28 18:36:33
 0  0      0 114376  76692 750392    0    0     6    28  991 1662  2  1 97  0  0 2025-04-28 18:36:38
 0  0      0 114376  76696 750392    0    0     0   470  711 1244  1  1 98  0  0 2025-04-28 18:36:43
 0  0      0 127220  76712 755728    0    0  1069   146  990 1463  2  2 96  0  0 2025-04-28 18:36:48
 0  0      0 120164  76712 755728    0    0     0     7  691 1075  1  1 98  0  0 2025-04-28 18:36:53
 0  0      0 113612  76712 755728    0    0     0     2  809 1343  1  1 98  0  0 2025-04-28 18:36:58
 0  0      0 106588  76712 755728    0    0     0    16  639  953  1  1 98  0  0 2025-04-28 18:37:03
 0  0      0 129836  76712 755728    0    0     0    18  859 1431  1  1 98  0  0 2025-04-28 18:37:08
 0  0      0 121276  76712 755732    0    0     0    17  587  874  1  1 98  0  0 2025-04-28 18:37:13
 0  0      0 116224  76712 755732    0    0     0    22 1149 2107  2  1 96  0  0 2025-04-28 18:37:18
 0  0      0  71280  76712 787896    0    0  6418    11  765 1158  1  1 97  1  0 2025-04-28 18:37:23
 0  0      0 119464  76452 743576    0    0     0    10  809 1368  1  1 97  0  0 2025-04-28 18:37:28
 0  0      0 132572  76452 743576    0    0     0    12  487  733  1  1 99  0  0 2025-04-28 18:37:33
procs -----------memory---------- ---swap-- -----io---- -system-- ------cpu----- -----timestamp-----
 r  b   swpd   free   buff  cache   si   so    bi    bo   in   cs us sy id wa st                 JST
 1  0      0 112988  76452 743576    0    0     0     6  731 1271  1  1 98  0  0 2025-04-28 18:37:38
 0  0      0 108956  76452 743576    0    0     0    11  483  749  1  1 99  0  0 2025-04-28 18:37:43
 0  0      0 129828  76452 743576    0    0     0     7  651 1079  1  1 99  0  0 2025-04-28 18:37:48
 0  0      0 124796  76456 743576    0    0     0    11  473  720  1  1 99  0  0 2025-04-28 18:37:53
